runnum	runtype	DLS
5000	35	1
4999	35	1
4998	35	1
4997	35	1
4996	35	1
4995	35	1
4994	34	1
4993	35	1
4992	35	1
4991	35	1
4990	40	1
4989	40	1
4988	40	1
4987	40	1
4986	40	1
4985	40	1
4984	40	1
4983	40	1
4982	40	1
4981	40	1
4980	40	1
4979	40	1
4978	37	1
4977	37	1
4976	37	1
4975	37	1
4974	37	1
4973	37	1
4972	37	1
4971	37	1
4970	37	1
4969	37	1
4968	37	1
4967	37	1
4966	37	1
4965	34	1
4964	40	1
4963	40	1
4962	40	1
4961	37	1
4960	34	1
4959	37	1
4958	34	1
4957	34	1
4956	34	1
4955	34	1
4954	34	1
4953	37	1
4952	35	1
4951	35	1
4950	37	1
4949	34	1
4948	39	1
4947	34	1
4946	37	1
4945	39	1
4944	34	1
4943	34	1
4942	34	1
4941	39	1
4940	39	1
4939	34	1
4938	34	1
4937	34	1
4936	34	1
4935	34	1
4934	34	1
4933	34	1
4932	34	1
4931	37	1
4930	34	1
4929	34	1
4928	34	1
4927	37	1
4926	35	1
4925	35	1
4924	34	1
4923	34	1
4922	34	1
4921	34	1
4920	34	1
4919	34	1
4918	37	1
4917	34	1
4916	37	1
4915	34	1
4914	37	1
4913	34	1
4912	37	1
4911	34	1
4910	37	1
4909	34	1
4908	37	1
4907	34	1
4906	34	1
4905	37	1
4904	34	1
4903	37	1
4902	34	1
4901	34	1
4900	34	1
4899	34	1
4898	34	1
4897	34	1
4896	34	1
4895	34	1
4894	39	1
4893	37	1
4892	34	1
4891	35	1
4890	34	1
4889	34	1
4888	34	1
4887	34	1
4886	40	1
4885	40	1
4884	40	1
4883	34	1
4882	34	1
4881	34	1
4880	34	1
4879	34	1
4878	37	1
4877	34	1
4876	34	1
4875	37	1
4874	34	1
4873	35	1
4872	35	1
4871	37	1
4870	34	1
4869	34	1
4868	34	1
4867	34	1
4866	34	1
4865	34	1
4864	34	1
4863	34	1
4862	34	1
4861	34	1
4860	34	1
4859	34	1
4858	34	1
4857	34	1
4856	34	1
4855	39	1
4854	39	1
4853	40	1
4852	34	1
4851	34	1
4850	34	1
4849	34	1
4848	34	1
4847	34	1
4846	39	1
4846	39	1
4845	39	1
4844	39	1
4843	34	1
4842	40	1
4841	40	1
4840	34	1
4839	34	1
4838	37	1
4837	35	1
4836	35	1
4835	34	1
4834	37	1
4833	37	1
4832	34	1
4831	34	1
4830	37	1
4829	35	1
4828	35	1
4827	37	1
4826	34	1
4825	34	1
4824	34	1
4823	34	1
4822	34	1
4821	34	1
4820	37	1
4819	37	1
4818	34	1
4817	40	1
4816	40	1
4815	34	1
4814	37	1
4813	35	1
4812	35	1
4811	37	1
4810	34	1
4809	34	1
4808	34	1
4807	34	1
4806	34	1
4805	34	1
4804	34	1
4803	35	1
4802	34	1
4801	40	1
4800	40	1
4799	40	1
4798	40	1
4797	40	1
4796	34	1
4795	34	1
4794	34	1
4793	37	1
4792	35	1
4791	35	1
4790	34	1
4789	34	1
4788	34	1
4787	37	1
4786	34	1
4785	34	1
4784	34	1
4783	34	1
4782	37	1
4781	34	1
4781	34	1
4780	34	1
4779	34	1
4778	34	1
4777	37	1
4776	34	1
4775	37	1
4774	34	1
4773	35	1
4772	35	1
4771	34	1
4770	34	1
4769	35	1
4768	35	1
4767	34	1
4766	34	1
4765	34	1
4764	34	1
4763	34	1
4762	37	1
4761	35	1
4760	35	1
4759	40	1
4758	40	-9999
4757	37	0
4756	35	0
4755	35	0
4754	40	0
4753	40	0
4752	40	0
4751	40	0
4750	40	0
4749	40	0
4748	40	0
4747	40	0
4746	40	0
4745	40	0
4744	40	0
4743	40	0
4742	40	0
4741	40	0
4740	40	0
4739	40	0
4738	40	0
4737	39	0
4736	39	0
4735	39	0
4734	40	0
4733	40	0
4732	39	0
4731	39	0
4730	39	0
4729	39	0
4728	39	0
4727	37	0
4726	37	0
4725	34	0
4724	37	0
4723	35	0
4722	35	0
4721	37	0
4720	37	0
4719	35	0
4718	35	0
4717	37	0
4716	37	0
4715	37	0
4714	37	0
4713	37	0
4712	37	0
4711	35	0
4710	35	0
4709	37	0
4708	42	0
4707	42	0
4706	37	0
4705	37	0
4704	37	0
4703	35	0
4702	35	0
4701	37	0
4700	40	0
4699	40	0
4698	40	0
4697	40	0
4697	40	0
4696	40	0
4695	40	0
4694	40	0
4693	40	0
4692	40	0
4691	40	0
4690	40	-9999
4689	40	1
4688	37	1
4687	42	1
4686	42	1
4685	42	1
4684	42	1
4683	42	1
4682	42	1
4681	42	1
4680	42	1
4679	42	1
4678	42	1
4677	42	1
4676	34	1
4675	42	1
4674	42	1
4673	42	1
4672	42	1
4671	42	1
4670	42	1
4669	42	1
4668	42	1
4667	42	1
4666	42	1
4665	42	1
4664	42	1
4663	42	1
4662	42	1
4661	42	1
4660	42	1
4659	42	1
4658	42	1
4657	42	1
4656	42	1
4655	42	1
4654	42	1
4653	42	1
4652	42	1
4651	42	1
4650	42	1
4649	42	1
4648	42	1
4647	42	1
4646	42	1
4645	39	1
4644	42	1
4643	42	1
4642	42	1
4641	39	1
4640	42	1
4639	42	1
4638	42	1
4637	42	1
4636	42	1
4635	42	1
4634	42	1
4633	42	1
4632	42	1
4631	42	1
4630	42	1
4629	42	1
4628	42	1
4627	42	1
4626	42	1
4625	42	1
4624	42	1
4623	42	1
4622	42	1
4621	42	1
4620	39	1
4619	42	1
4618	42	1
4617	42	1
4616	42	1
4615	42	1
4614	42	1
4613	42	1
4612	42	1
4611	42	1
4610	42	1
4609	42	1
4608	42	1
4607	42	1
4606	42	1
4605	42	1
4604	42	1
4603	42	1
4602	42	1
4601	42	1
4600	42	1
4599	42	1
4598	42	1
4597	42	1
4596	42	1
4595	42	1
4594	42	1
4593	42	1
4592	42	1
4591	42	1
4590	42	1
4589	42	1
4588	37	1
4587	37	1
4586	40	1
4585	40	1
4584	40	1
4583	40	1
4582	40	1
4581	40	1
4580	40	1
4579	40	1
4578	35	1
4577	35	1
4576	40	1
4575	40	1
4574	40	1
4573	40	1
4572	40	1
4571	40	1
4570	40	1
4569	40	1
4568	40	1
4567	37	1
4566	40	1
4565	40	1
4564	40	1
4563	40	1
4562	40	1
4561	40	1
4560	40	1
4559	40	1
4558	40	1
4557	40	1
4556	35	1
4555	37	1
4554	37	1
4553	40	1
4552	40	1
4551	40	1
4550	40	1
4549	37	1
4548	37	1
4547	40	1
4546	40	1
4545	40	1
4544	37	1
4543	37	1
4542	37	1
4541	37	1
4540	40	1
4539	40	1
4538	40	1
4537	40	1
4536	40	1
4535	40	1
4534	40	1
4533	40	1
4532	40	1
4531	40	1
4531	40	1
4530	40	1
4529	40	1
4528	40	1
4527	40	1
4526	40	1
4525	40	1
4524	40	1
4523	40	1
4522	40	1
4521	37	1
4520	37	1
4519	35	1
4518	35	1
4517	35	1
4516	40	1
4515	37	1
4514	37	1
4513	40	1
4512	40	1
4511	40	1
4510	40	1
4509	40	1
4508	42	1
4507	42	1
4506	42	1
4505	42	1
4504	42	1
4503	42	1
4502	39	1
4501	39	1
4500	39	1
4499	42	1
4498	39	1
4497	39	1
4496	42	1
4495	40	1
4494	40	1
4493	40	1
4492	40	1
4491	40	1
4490	40	1
4489	40	1
4488	40	1
4487	40	1
4486	40	1
4485	40	1
4484	40	1
4483	40	1
4482	40	1
4481	40	1
4480	40	1
4479	40	1
4478	40	1
4477	40	1
4476	37	1
4475	37	1
4474	42	1
4473	42	1
4472	42	1
4471	34	1
4470	35	1
4469	37	1
4468	40	1
4467	40	1
4466	40	1
4465	37	1
4464	40	1
4463	40	1
4463	40	1
4462	40	1
4461	40	1
4460	40	1
4459	40	1
4458	40	1
4457	37	1
4456	35	1
4455	35	1
4454	35	1
4453	42	1
4452	42	1
4451	37	1
4450	34	1
4449	34	1
4448	34	1
4447	34	1
4446	34	1
4445	34	1
4444	34	1
4443	34	1
4442	37	1
4441	34	1
4440	34	1
4439	34	1
4438	34	1
4437	34	1
4436	37	1
4435	37	1
4434	34	1
4433	34	1
4432	34	1
4431	34	1
4430	34	1
4429	34	1
4428	34	1
4427	34	1
4426	34	1
4425	37	1
4424	34	1
4423	37	1
4422	34	1
4421	34	1
4420	34	1
4419	34	1
4418	39	1
4417	37	1
4416	39	1
4415	39	1
4414	37	1
4413	37	1
4412	37	1
4411	39	1
4410	39	1
4409	39	1
4408	37	1
4407	37	1
4406	34	1
4405	37	1
4404	34	1
4403	34	1
4402	34	1
4401	34	1
4400	34	1
4399	34	1
4398	34	1
4397	34	1
4396	37	1
4395	34	1
4394	34	1
4393	37	1
4392	37	1
4391	37	1
4390	34	1
4389	34	1
4388	37	1
4387	37	1
4386	34	1
4385	34	1
4384	34	1
4383	37	1
4382	34	1
4381	34	1
4380	42	1
4379	42	1
4378	42	1
4377	39	1
4376	39	1
4375	39	1
4374	34	1
4373	37	1
4372	42	1
4371	37	1
4370	34	1
4369	34	1
4368	34	1
4367	42	1
4366	42	1
4365	42	1
4364	42	1
4363	42	1
4362	34	1
4361	42	1
4360	42	1
4359	42	1
4358	34	1
4357	34	1
4356	34	1
4355	37	1
4354	34	1
4353	34	1
4352	37	1
4351	34	1
4350	34	1
4349	34	1
4348	39	1
4347	39	1
4346	34	1
4345	34	1
4344	34	1
4343	35	1
4342	37	1
4341	37	1
4340	37	1
4339	34	1
4338	34	1
4337	34	1
4336	34	1
4335	34	1
4334	34	1
4333	34	1
4332	42	1
4331	34	1
4330	34	1
4329	34	1
4328	42	1
4327	42	1
4326	42	1
4325	42	1
4324	34	1
4323	34	1
4322	37	1
4321	34	1
4320	37	1
4319	34	1
4318	37	1
4317	34	1
4316	34	1
4315	37	1
4314	34	1
4313	37	1
4312	34	1
4311	34	1
4310	34	1
4309	42	1
4308	42	1
4307	42	1
4306	34	1
4305	34	1
4304	34	1
4303	34	1
4302	34	1
4301	41	1
4300	41	1
4299	41	1
4298	41	1
4297	34	1
4296	36	1
4295	36	1
4294	36	1
4293	36	1
4292	36	1
4291	36	1
4290	36	1
4289	36	1
4288	36	1
4287	34	1
4286	34	1
4285	39	1
4284	34	1
4283	36	1
4282	36	1
4281	36	1
4280	36	1
4279	36	1
4279	36	1
4278	34	1
4277	37	1
4276	36	1
0	36	1
4275	36	1
4274	36	1
4273	34	1
4272	39	1
4271	39	1
4270	39	1
4269	34	1
4268	34	1
4267	36	1
4266	36	1
4265	34	1
4264	36	1
4263	36	1
4262	36	1
4261	34	1
4260	36	1
4259	36	1
4258	36	1
4257	34	1
4256	37	1
4255	34	1
4254	34	1
4253	34	1
4252	34	1
4251	34	1
4250	34	1
4249	39	1
4248	34	1
4247	34	1
4246	34	1
4245	34	1
4244	37	1
4243	34	1
4242	34	1
4241	34	1
4240	37	1
4239	34	1
4238	34	1
4237	34	1
4236	34	1
4235	37	1
4234	36	1
4233	36	1
4232	36	1
4231	36	1
4230	36	1
4229	34	1
4228	34	1
4227	37	1
4226	34	1
4225	34	1
4224	34	1
4223	34	1
4222	34	1
4221	37	1
4220	37	1
4219	34	1
4218	34	1
4217	34	1
4216	34	1
4215	34	1
4214	37	1
4213	34	1
4212	37	1
4211	37	1
4210	34	1
4209	36	1
4208	34	1
4207	37	-9999
4206	36	0
4205	37	0
4204	35	0
4203	35	0
4202	37	0
4201	37	0
4200	34	0
4199	37	0
4198	37	0
4197	34	0
4196	39	0
4195	34	0
4194	34	0
4193	34	0
4192	34	0
4191	34	0
4190	36	0
4189	34	0
4188	39	0
4187	39	0
4186	39	0
4185	39	0
4184	39	0
4183	39	0
4182	39	0
4181	40	0
4180	39	0
4179	40	0
4178	40	0
4177	40	0
4176	37	0
4175	37	0
4174	37	0
4173	39	0
4172	39	0
4171	39	0
4170	39	0
4169	39	0
4168	39	0
4167	39	0
4166	37	0
4165	38	0
4164	39	0
4163	39	0
4162	39	0
4161	39	0
4160	39	0
4159	39	0
4158	39	0
4157	39	0
4156	39	0
4155	39	0
4154	39	0
4153	39	0
4153	39	0
4152	39	0
4151	39	0
4150	39	0
4149	39	0
4148	38	0
4147	35	0
4146	35	0
4145	39	0
4144	39	0
4143	40	0
4142	40	0
4142	40	0
4141	39	0
4140	39	0
4139	39	0
4138	39	0
4137	39	0
4136	39	0
4135	39	0
4134	39	0
4133	39	0
4132	39	0
4131	39	0
4130	39	0
4129	34	0
4128	34	0
4127	34	0
4126	34	0
4125	34	0
4124	34	0
4123	34	0
4122	34	0
4121	34	0
4120	34	0
4119	34	0
4118	34	0
4117	34	0
4116	34	0
4115	34	0
4114	34	0
4113	34	0
4112	34	0
4111	34	0
4110	38	0
4109	35	0
4108	35	0
4107	38	0
4106	34	0
4105	34	0
4104	34	0
4103	34	0
4102	34	0
4101	34	0
4100	34	0
4099	34	0
4098	34	0
4097	34	0
4096	34	0
4095	34	0
4094	34	0
4093	34	0
4092	34	0
4091	34	0
4090	34	0
4089	35	0
4088	35	0
4087	34	0
4086	34	0
4085	34	0
4084	34	0
4083	34	0
4082	34	0
4081	34	0
4080	34	0
4079	37	0
4078	38	0
4077	34	0
4076	34	0
4075	34	0
4074	37	0
4073	37	0
4072	34	0
4071	34	0
4071	34	0
4070	34	0
4069	34	0
4069	34	0
4068	34	0
4067	34	0
4066	34	0
4065	34	0
4064	34	0
4063	37	0
4062	37	0
4061	37	0
4060	37	0
4059	37	0
4058	37	0
4057	37	0
4056	37	0
4055	34	0
4054	34	0
4053	37	0
4052	37	0
4051	38	0
4050	34	0
4049	34	0
4048	34	0
4047	33	0
4046	34	0
4045	34	0
4044	33	0
4043	33	0
4042	34	0
4041	34	0
4040	34	0
4039	34	0
4038	34	0
4037	34	0
4036	34	0
4035	34	0
4034	34	0
4033	34	0
4032	34	0
4031	34	0
4030	34	0
4029	34	0
4028	34	0
4027	34	0
4026	34	0
4025	34	0
4024	34	0
4023	34	0
4022	34	0
4021	34	0
4020	34	0
4019	34	0
4018	34	0
4017	34	0
4016	34	0
4015	34	0
4014	34	0
4013	34	0
4012	34	0
4011	34	0
4010	34	0
4009	34	0
4008	34	0
4007	34	0
4006	34	0
4005	34	0
4004	33	0
4003	33	0
4002	33	0
4001	34	0
4000	34	0
3999	33	0
3869	3	1
3868	3	1
3867	7	1
3866	7	1
3865	3	1
3864	7	1
3863	7	1
3862	7	1
3861	3	1
3860	7	1
3859	7	1
3858	1	1
3857	7	1
3856	7	1
3855	7	1
3854	7	1
3853	7	1
3852	7	1
3851	7	1
3850	7	1
3849	7	1
3848	7	1
3847	1	1
3846	1	1
3845	7	1
3844	3	1
3843	3	1
3842	3	1
3841	3	1
3840	3	1
3839	1	1
3838	1	1
3837	3	1
3836	3	1
3835	3	1
3834	3	1
3833	3	1
3832	3	1
3831	1	1
3830	1	1
3829	3	1
3828	3	1
3827	1	1
3826	1	1
3825	3	1
3824	7	1
3823	3	1
3822	3	1
3821	3	1
3820	3	1
3819	7	1
3818	3	1
3817	3	1
3816	3	1
3815	3	1
3814	3	1
3813	3	1
3812	3	1
3811	3	1
3810	3	1
3809	3	1
3808	3	1
3807	3	1
3806	3	1
3805	3	1
3804	3	1
3803	3	1
3802	7	1
3801	7	1
3800	3	1
3799	3	1
3798	3	1
3797	7	1
3796	3	1
3795	3	1
3794	3	1
3793	7	1
3792	3	1
3791	3	1
3790	3	1
3789	7	1
3788	7	1
3787	7	1
3786	3	1
3785	3	1
3784	3	1
3783	3	1
3782	7	1
3781	1	1
3780	1	1
3779	3	1
3778	3	1
3777	3	1
3776	3	1
3775	3	1
3774	3	1
3773	3	1
3772	3	1
3771	3	1
3770	3	1
3769	3	1
3768	1	1
3767	1	1
3766	3	1
3765	3	1
3764	7	1
3763	3	1
3762	7	1
3761	7	1
3760	3	1
3759	7	1
3758	3	1
3757	3	1
3756	3	1
3755	7	1
3754	3	1
3753	7	1
3752	3	1
3751	3	1
3750	3	1
3749	3	1
3748	8	1
3747	3	1
3746	1	1
3745	1	1
3744	3	1
3743	3	1
3742	3	1
3741	3	1
3740	8	1
3739	3	1
3738	3	1
3737	3	1
3736	8	1
3735	3	1
3734	8	1
3733	3	1
3732	3	1
3731	7	1
3730	3	1
3729	8	1
3728	8	1
3727	7	1
3726	7	1
3725	3	1
3724	3	1
3723	3	1
3722	7	1
3721	8	1
3720	7	1
3719	8	1
3718	7	1
3717	3	1
3716	3	1
3715	3	1
3714	8	1
3713	3	1
3712	8	1
3711	3	1
3710	8	1
3709	3	1
3708	3	1
3707	8	1
3706	3	1
3705	3	1
3704	3	1
3703	3	1
3702	8	1
3701	3	1
3700	3	1
3699	8	1
3698	3	1
3697	8	1
3696	3	1
3695	3	1
3694	8	1
3693	3	1
3692	8	1
3691	3	1
3690	3	1
3689	3	1
3688	3	1
3687	1	1
3686	1	1
3685	3	1
3684	3	1
3683	8	1
3682	3	1
3681	3	1
3680	3	1
3679	3	1
3678	7	1
3677	8	1
3676	7	1
3675	3	1
3674	8	1
3673	3	1
3672	3	1
3671	7	1
3670	3	1
3669	3	1
3668	3	1
3667	3	1
3666	3	1
3665	3	1
3664	3	1
3663	3	1
3662	3	1
3661	3	1
3660	3	1
3659	3	1
3658	3	1
3657	3	1
3656	3	1
3655	8	1
3654	8	1
3653	3	1
3652	3	1
3651	3	1
3650	3	1
3649	3	1
3648	1	1
3647	1	1
3646	3	1
3645	3	1
3644	3	1
3643	8	1
3642	7	1
3641	3	1
3640	7	1
3639	3	1
3638	3	1
3637	3	1
3636	3	1
3635	3	1
3634	3	1
3633	3	1
3632	3	1
3631	3	1
3630	3	1
3629	3	1
3628	3	1
3627	3	1
3626	3	1
3625	3	1
3624	3	1
3623	3	1
3622	3	1
3621	3	1
3620	3	1
3619	3	1
3618	3	1
3617	3	1
3616	3	1
3615	3	1
3614	3	1
3613	3	1
3612	3	1
3611	3	1
3610	3	1
3609	3	1
3608	3	1
3607	3	1
3606	3	1
3605	3	1
3604	3	1
3603	1	1
3602	1	1
3601	3	1
3600	7	1
3599	3	1
3598	3	1
3597	3	1
3596	3	1
3595	3	1
3594	3	1
3593	3	1
3592	3	1
3591	3	1
3590	3	1
3589	3	1
3588	7	1
3587	7	1
3586	3	1
3585	3	1
3584	7	1
3583	8	1
3582	8	1
3581	8	1
3580	8	1
3579	8	1
3578	7	1
3577	3	1
3576	3	1
3575	3	1
3574	3	1
3573	3	1
3572	3	1
3571	3	1
3570	3	1
3569	3	1
3568	3	1
3567	3	1
3566	1	1
3565	1	1
3564	3	1
3563	3	1
3562	3	1
3561	3	1
3560	3	1
3559	3	1
3558	3	1
3557	3	1
3556	3	1
3555	3	1
3554	3	1
3553	3	1
3552	3	1
3551	3	1
3550	3	1
3549	3	1
3548	3	1
3547	3	1
3546	3	1
3545	3	1
3544	3	1
3543	3	1
3542	3	1
3541	3	1
3540	3	1
3539	3	1
3538	3	1
3537	3	1
3536	3	1
3535	3	1
3534	3	1
3533	3	1
3532	3	1
3531	3	1
3530	3	1
3529	3	1
3528	3	1
3527	3	1
3526	3	1
3525	3	1
3524	3	1
3523	3	1
3522	3	1
3521	3	1
3520	3	1
3519	3	1
3518	3	1
3517	3	1
3516	3	1
3515	3	1
3514	3	1
3513	3	1
3512	3	1
3511	3	1
3510	3	1
3509	3	1
3508	3	1
3507	3	1
3506	3	1
3505	3	1
3504	3	1
3503	3	1
3502	3	1
3501	3	1
3500	3	1
3499	3	1
3498	3	1
3497	3	1
3496	1	1
3495	1	1
3494	3	1
3493	3	1
3492	3	1
3491	3	1
3490	3	1
3489	3	1
3488	3	1
3487	3	1
3486	3	1
3485	3	1
3484	3	1
3483	3	1
3482	3	1
3481	3	1
3480	3	1
3479	3	1
3478	3	1
3477	3	1
3476	3	1
3475	3	1
3474	3	1
3473	3	1
3472	3	1
3471	3	1
3470	3	1
3469	3	1
3468	1	1
3467	1	1
3466	7	1
3465	3	1
3464	3	1
3463	3	1
3462	3	1
3461	3	1
3460	8	1
3459	3	1
3458	8	1
3457	8	1
3456	3	1
3455	1	1
3454	7	1
3453	7	1
3452	3	1
3451	3	1
3450	3	1
3449	3	1
3448	3	1
3447	3	1
3446	3	1
3445	3	1
3444	3	1
3443	3	1
3442	3	1
3441	3	1
3440	3	1
3439	3	1
3438	3	1
3437	3	1
3436	3	1
3435	3	1
3435	3	1
3434	3	1
3433	3	1
3432	3	1
3431	1	1
3430	1	1
3429	3	1
3428	7	1
3427	8	1
3426	7	1
3425	7	1
3424	3	1
3423	7	1
3422	3	1
3421	3	1
3420	3	1
3419	3	1
3418	3	1
3417	3	1
3416	3	1
3415	3	1
3414	3	1
3413	3	1
3412	3	1
3411	3	1
3410	3	1
3409	3	1
3408	3	1
3407	3	1
3406	3	1
3405	3	1
3404	3	1
3403	3	1
3402	1	1
3401	1	1
3400	3	1
3399	3	1
3398	3	1
3397	3	1
3396	3	1
3395	3	1
3394	3	1
3393	3	1
3392	3	1
3391	3	1
3390	3	1
3389	3	1
3388	3	1
3387	3	1
3386	3	1
3385	3	1
3384	3	1
3383	3	1
3382	7	1
3381	7	1
3380	7	1
3379	3	1
3378	1	1
3377	1	1
3376	3	1
3375	3	1
3374	3	1
3373	3	1
3372	3	1
3371	3	1
3370	7	1
3369	3	1
3368	3	1
3367	7	1
3366	3	1
3365	3	1
3364	3	1
3363	7	1
3362	3	1
3361	3	-9999
3360	3	-9999
3359	3	-9999
3358	1	-9999
3357	1	-9999
3356	3	-9999
3355	3	-9999
3354	3	0
3353	3	0
3352	3	0
3351	3	0
3350	3	0
3349	3	0
3348	3	0
3347	7	0
3346	3	0
3345	1	0
3344	1	0
3343	3	0
3342	3	0
3341	7	0
3340	7	0
3339	3	0
3338	3	0
3337	7	0
3336	3	0
3335	3	0
3334	3	0
3333	3	0
3332	3	0
3331	3	0
3330	3	0
3329	3	0
3328	3	0
3327	3	0
3326	3	0
3325	3	0
3324	7	0
3323	3	0
3322	3	0
3321	3	0
3320	3	0
3319	3	0
3318	7	0
3317	7	0
3316	3	0
3315	3	0
3314	7	0
3313	7	0
3312	3	0
3311	1	0
3310	1	0
3309	3	0
3308	3	0
3307	7	0
3306	3	0
3305	3	0
3305	3	0
3304	3	0
3303	7	0
3302	7	0
3301	7	0
3300	7	0
3299	7	0
3298	1	0
3297	1	0
3296	7	0
3295	7	0
3294	7	0
3293	8	0
3292	8	0
3291	7	0
3290	7	0
3289	7	0
3288	7	0
3287	7	0
3286	7	0
3285	7	0
3284	7	0
3283	8	0
3282	7	0
3281	7	0
3280	1	0
3279	1	0
3278	1	0
3277	1	0
3276	1	0
3275	7	0
3274	7	0
3273	7	0
3272	1	0
3271	1	0
3270	1	0
3269	1	0
3268	7	0
3267	3	0
3266	1	0
3265	1	0
3264	1	0
3263	3	0
3262	1	0
3261	1	0
3260	1	0
3259	1	0
3258	1	0
3257	3	0
3256	3	0
3255	7	0
3254	1	0
3253	7	0
3252	3	0
3251	1	0
3250	3	0
3249	3	0
3248	1	0
3247	3	0
3246	3	0
3245	1	0
3244	1	0
3243	3	0
3242	3	0
3241	3	0
3240	3	0
3239	3	0
3238	7	0
3237	3	0
3236	3	0
3235	1	0
3234	1	0
3233	3	0
3232	1	0
3231	1	0
3230	7	0
3229	7	0
3228	7	0
3227	1	0
3226	1	0
3225	7	0
3224	3	0
3223	3	0
3222	3	0
3221	3	0
3220	3	0
3219	3	0
3218	3	0
3217	3	0
3216	3	0
3215	3	0
3214	1	0
3213	1	0
3212	1	0
3211	3	0
3210	3	0
3209	3	0
3208	1	0
3207	3	0
3206	7	0
3205	3	0
3204	3	0
3203	1	0
3202	1	0
3201	1	0
3200	1	0
3199	1	0
3198	1	0
3197	3	0
3196	3	0
3195	3	0
3194	1	0
3193	1	0
3192	3	0
3191	3	0
3190	3	0
3189	3	0
3188	3	0
3187	3	0
3186	3	0
3185	1	0
3184	1	0
3183	3	0
3182	3	0
3181	3	0
3180	3	0
3179	3	0
3178	3	0
3177	3	0
3176	3	0
3175	3	0
3174	1	0
3173	1	0
3172	3	0
3171	3	0
3170	3	0
3169	3	0
3168	3	0
3167	3	0
3166	1	0
3165	1	0
3164	3	0
3163	3	0
3162	3	0
3161	3	0
3160	3	0
3159	3	0
3158	1	0
3157	1	0
3156	1	0
3155	3	0
3154	3	0
3153	3	0
3152	3	0
3151	3	0
3150	3	0
3149	3	0
3148	1	0
3147	3	0
3146	1	0
3145	1	0
3144	3	0
3143	3	0
3142	3	0
3141	3	0
3140	3	0
3139	3	0
3138	1	0
3137	1	0
3136	3	0
3135	3	0
3134	1	0
3133	1	0
3132	1	0
3131	3	0
3130	3	0
3129	3	0
3128	3	0
3127	3	0
3126	1	0
3125	1	0
3124	1	0
3123	1	0
3122	1	0
3121	1	0
3120	1	0
3119	1	0
3118	3	0
3117	3	0
3116	3	0
3115	3	0
3114	1	0
3113	1	0
3112	1	0
3111	1	0
3110	1	0
3109	1	0
3108	3	0
3107	1	0
3106	1	0
3105	3	0
3104	1	0
3103	1	0
3102	3	0
3101	1	0
3100	1	0
3099	3	0
3098	1	0
3097	1	0
3096	3	0
3095	3	0
3094	3	0
3093	3	0
3092	1	0
3091	1	0
3090	3	0
3089	3	0
3088	1	0
3087	1	0
3086	3	0
3085	1	0
3084	1	0
3083	3	0
3082	3	0
3081	3	0
3080	1	0
3079	1	0
3078	3	0
3077	3	0
3076	9	0
3075	3	0
3074	3	0
3073	3	0
3072	3	0
3071	1	0
3070	1	0
3069	3	0
3068	3	0
3067	3	0
3066	3	0
3065	3	0
3064	3	0
3063	3	0
3062	3	0
3061	3	0
3060	3	0
3059	3	0
3058	3	0
3057	3	0
3056	3	0
3055	3	0
3054	3	0
3053	3	0
3053	3	0
3052	3	0
3051	3	0
3050	1	0
3049	1	0
3048	3	0
3047	3	0
3046	3	0
3045	3	0
3044	3	0
3043	3	0
3042	3	0
3041	3	0
3040	3	0
3039	3	0
3038	3	0
3037	3	0
3036	3	0
3035	3	0
3034	3	0
3033	3	0
3032	3	0
3031	3	0
3030	3	0
3029	3	0
3028	3	0
3027	3	0
3027	3	0
3026	3	0
3025	3	0
3024	3	0
3023	3	0
3022	3	1
3021	1	1
3020	1	1
3019	1	1
3019	1	1
3019	1	1
3018	3	1
3017	1	1
3016	1	1
3015	3	1
3014	1	1
3013	1	1
3012	1	1
3011	1	1
3010	1	1
3009	1	1
3008	1	1
3007	1	1
3006	1	1
3005	1	1
3004	1	1
3003	1	1
3003	1	1
3002	1	1
3002	1	1
3001	1	1
3001	1	1
3001	1	1
3000	1	1
2999	1	1
2998	1	1
2997	1	1
2996	1	1
2995	1	1
2994	1	1
2993	1	1
2992	1	1
2991	1	1
2990	1	1
2989	1	1
2988	1	1
2987	1	1
2987	1	1
2986	1	1
2985	1	1
2984	1	1
2983	1	1
2982	1	1
2981	1	1
2980	1	1
2980	1	1
2979	1	1
2978	1	1
2977	1	1
2976	1	1
2975	1	1
2974	1	1
2973	1	1
2972	1	1
2971	1	1
2970	1	1
2969	1	1
2968	1	1
2967	1	1
2966	1	1
2965	3	1
2964	1	1
2963	1	1
2962	1	1
2961	1	1
2960	3	1
2959	3	1
2958	3	1
2957	1	1
2956	1	1
2955	1	1
2954	1	1
2953	1	1
2952	1	1
2951	1	1
2950	1	1
2949	1	1
2948	1	1
2947	1	1
2946	1	1
2945	1	1
2944	1	1
2943	1	1
2942	1	1
2941	1	1
2940	3	1
2939	3	1
2938	3	1
2937	1	1
2936	1	1
2935	1	1
2934	1	1
2933	3	1
2932	1	1
2931	1	1
2930	3	1
2929	1	1
2928	1	1
2927	3	1
2926	3	1
2925	3	1
2924	1	1
2923	1	1
2922	1	1
2921	3	1
2920	3	1
2919	1	1
2918	1	1
2917	3	1
2916	3	1
2915	3	1
2914	3	1
2913	3	1
2912	3	1
2911	3	1
2910	1	1
2909	1	1
2908	3	1
2907	3	1
2906	3	1
2905	3	1
2904	3	1
2903	3	1
2902	3	1
2901	3	1
2900	3	1
2899	3	1
2898	3	1
2897	3	1
2896	3	1
2895	3	1
2894	3	1
2893	3	1
2892	3	1
2891	3	1
2890	3	1
2889	3	1
2888	3	1
2887	3	1
2886	3	1
2885	3	1
2884	3	1
2883	3	1
2882	3	1
2881	3	1
2880	3	1
2879	1	1
2878	1	1
2877	3	1
2876	3	1
2875	3	1
2874	3	1
2873	3	1
2872	3	1
2871	3	1
2870	3	1
2869	3	1
2868	3	1
2867	3	1
2866	3	1
2865	3	1
2864	3	1
2863	3	1
2862	3	1
2861	3	1
2860	1	1
2859	1	1
2858	3	1
2857	3	1
2856	3	1
2855	3	1
2854	3	1
2853	3	1
2852	3	1
2851	3	1
2850	3	1
2849	3	1
2848	3	1
2847	3	1
2846	3	1
2845	3	1
2844	3	1
2843	3	1
2842	3	1
2841	1	1
2840	1	1
2839	3	1
2838	3	1
2837	3	1
2836	3	1
2835	3	1
2834	3	1
2833	3	1
2832	3	1
2831	3	1
2830	3	1
2829	3	1
2828	3	1
2827	3	1
2826	3	1
2825	3	1
2824	3	1
2823	3	1
2822	3	1
2821	3	1
2820	3	1
2819	3	1
2818	3	1
2817	3	1
2816	3	1
2815	3	1
2814	3	1
2813	3	1
2812	3	1
2811	3	1
2810	1	1
2809	1	1
2808	3	1
2807	3	1
2806	3	1
2805	3	1
2804	3	1
2803	3	1
2802	3	1
2801	3	1
2800	3	1
2799	3	1
2798	3	1
2797	3	1
2796	3	1
2795	3	1
2794	3	1
2793	3	1
2792	3	1
2791	3	1
2790	3	1
2789	3	1
2788	3	1
2787	3	1
2786	3	1
2785	3	1
2784	3	1
2783	3	1
2782	3	1
2781	3	1
2780	3	1
2779	3	1
2778	1	1
2777	1	1
2776	3	1
2775	1	1
2774	3	1
2773	3	1
2772	3	1
2771	3	1
2770	3	1
2769	3	1
2768	3	1
2767	3	1
2766	1	1
2765	1	1
2764	3	1
2763	3	1
2762	3	1
2761	3	1
2760	3	1
2759	3	1
2758	3	1
2757	3	1
2756	3	1
2755	3	1
2754	3	1
2753	3	1
2752	3	1
2751	3	1
2750	3	1
2749	3	1
2748	1	1
2747	1	1
2746	3	1
2745	3	1
2744	3	1
2743	3	1
2742	3	1
2741	3	1
2740	3	1
2739	3	1
2738	3	1
2737	3	1
2736	3	1
2735	3	1
2734	3	1
2733	3	1
2732	3	1
2731	3	1
2730	3	1
2729	3	1
2728	3	1
2727	3	1
2726	3	1
2725	3	1
2724	3	1
2723	3	1
2722	3	1
2721	3	1
2720	3	1
2719	3	1
2718	3	1
2717	3	1
2716	3	1
2715	3	1
2714	3	1
2713	1	1
2712	1	1
2711	3	1
2710	3	1
2709	3	1
2708	3	1
2707	3	1
2706	3	1
2705	3	1
2704	3	1
2703	3	1
2702	9	1
2701	3	1
2700	3	1
2699	3	1
2698	3	1
2697	1	1
2696	1	1
2695	3	1
2694	3	1
2693	3	1
2692	3	1
2691	3	1
2690	1	1
2689	1	1
2688	3	1
2687	1	1
2686	1	1
2685	3	1
2684	1	1
2683	1	1
2682	3	1
2681	3	1
2680	4	1
2679	5	1
2678	3	1
2677	3	1
2676	5	1
2675	5	1
2674	5	1
2673	5	1
2672	5	1
2671	5	1
2670	4	1
2669	3	1
2668	3	1
2667	3	1
2666	3	1
2665	1	1
2664	1	1
2663	3	1
2662	3	1
2661	3	1
2660	3	1
2659	3	1
2658	3	1
2657	3	1
2656	3	1
2655	3	1
2654	3	1
2653	3	1
2652	3	1
2651	1	1
2650	1	1
2649	3	1
2648	3	1
2647	3	1
2646	3	1
2645	1	1
2644	1	1
2643	3	1
2642	1	1
2641	1	1
2640	1	1
2639	3	1
2638	1	1
2637	1	1
2636	3	1
2635	1	1
2634	1	1
2633	3	1
2632	1	1
2631	1	1
2630	3	1
2629	3	1
2628	3	1
2627	3	1
2626	3	1
2625	3	1
2624	3	1
2623	1	1
2622	1	1
2621	3	1
2620	3	1
2619	3	1
2618	3	1
2617	1	1
2616	1	1
2615	1	1
2614	3	1
2613	3	1
2612	3	1
2611	3	1
2610	3	1
2609	3	1
2608	3	1
2607	3	1
2606	3	1
2605	3	1
2604	3	1
2603	1	1
2602	1	1
2601	3	1
2600	3	1
2599	3	1
2598	3	1
2597	3	1
2596	3	1
2595	4	1
2594	4	1
2593	3	1
2592	3	1
2591	3	1
2590	3	1
2589	3	1
2588	1	1
2587	1	1
2586	3	1
2585	3	1
2584	3	1
2583	3	1
2582	3	1
2581	3	1
2580	3	1
2579	3	1
2578	3	1
2577	3	-9999
2576	3	-9999
2575	1	-9999
2574	1	-9999
2573	3	0
2572	3	0
2571	3	0
2570	3	0
2569	3	0
2568	3	0
2567	3	0
2566	3	0
2565	3	0
2564	3	0
2563	3	0
2562	3	0
2561	3	0
2560	3	0
2559	3	0
2558	3	0
2557	3	0
2556	3	0
2555	3	0
2554	3	0
2553	3	0
2552	3	0
2551	3	0
2550	1	0
2549	1	0
2548	3	0
2547	3	0
2546	3	0
2545	3	0
2544	3	0
2543	3	0
2542	3	0
2541	3	0
2540	3	0
2539	3	0
2538	3	0
2537	3	0
2536	3	0
2535	3	0
2534	3	0
2533	3	0
2532	3	0
2531	3	0
2530	3	0
2529	3	0
2528	3	0
2527	3	0
2526	3	0
2525	3	0
2524	1	0
2523	1	0
2522	3	0
2521	3	0
2520	3	0
2519	3	0
2518	9	0
2517	3	0
2516	3	0
2515	3	0
2514	3	0
2513	3	0
2512	3	0
2511	3	0
2510	3	0
2509	3	0
2508	3	0
2507	3	0
2506	3	0
2505	3	0
2504	3	0
2503	3	0
2502	3	0
2501	3	0
2500	3	0
2499	3	0
2498	3	0
2497	9	0
2496	3	0
2495	3	0
2494	3	0
2493	1	0
2492	1	0
2491	1	0
2490	3	0
2489	3	0
2488	3	0
2487	3	0
2486	3	0
2485	3	0
2484	3	0
2483	3	0
2482	3	0
2481	3	0
2480	3	0
2479	3	0
2478	3	0
2477	3	0
2476	3	0
2475	3	0
2475	3	0
2474	3	0
2473	3	0
2472	3	0
2471	3	0
2470	3	0
2469	1	0
2468	1	0
2467	1	0
2466	3	0
2465	3	0
2464	3	0
2463	3	0
2462	3	0
2461	3	0
2460	3	0
2459	3	0
2458	3	0
2457	3	0
2456	3	0
2455	3	0
2454	3	0
2453	3	0
2452	1	0
2451	1	0